0.000000 1.000000
0.010000 0.980000
0.020000 0.960400
0.030000 0.941192
0.040000 0.922368
0.050000 0.903921
0.060000 0.885842
0.070000 0.868126
0.080000 0.850763
0.090000 0.833748
0.100000 0.817073
0.110000 0.800731
0.120000 0.784717
0.130000 0.769022
0.140000 0.753642
0.150000 0.738569
0.160000 0.723798
0.170000 0.709322
0.180000 0.695135
0.190000 0.681233
0.200000 0.667608
0.210000 0.654256
0.220000 0.641171
0.230000 0.628347
0.240000 0.615780
0.250000 0.603465
0.260000 0.591395
0.270000 0.579568
0.280000 0.567976
0.290000 0.556617
0.300000 0.545484
0.310000 0.534575
0.320000 0.523883
0.330000 0.513405
0.340000 0.503137
0.350000 0.493075
0.360000 0.483213
0.370000 0.473549
0.380000 0.464078
0.390000 0.454796
0.400000 0.445700
0.410000 0.436786
0.420000 0.428051
0.430000 0.419490
0.440000 0.411100
0.450000 0.402878
0.460000 0.394820
0.470000 0.386924
0.480000 0.379185
0.490000 0.371602
0.500000 0.364170
0.510000 0.356886
0.520000 0.349749
0.530000 0.342754
0.540000 0.335899
0.550000 0.329181
0.560000 0.322597
0.570000 0.316145
0.580000 0.309822
0.590000 0.303626
0.600000 0.297553
0.610000 0.291602
0.620000 0.285770
0.630000 0.280055
0.640000 0.274454
0.650000 0.268964
0.660000 0.263585
0.670000 0.258313
0.680000 0.253147
0.690000 0.248084
0.700000 0.243123
0.710000 0.238260
0.720000 0.233495
0.730000 0.228825
0.740000 0.224249
0.750000 0.219764
0.760000 0.215368
0.770000 0.211061
0.780000 0.206840
0.790000 0.202703
0.800000 0.198649
0.810000 0.194676
0.820000 0.190782
0.830000 0.186967
0.840000 0.183227
0.850000 0.179563
0.860000 0.175972
0.870000 0.172452
0.880000 0.169003
0.890000 0.165623
0.900000 0.162311
0.910000 0.159064
0.920000 0.155883
0.930000 0.152765
0.940000 0.149710
0.950000 0.146716
0.960000 0.143782
0.970000 0.140906
0.980000 0.138088
0.990000 0.135326
1.000000 0.132620
1.010000 0.129967
1.020000 0.127368
1.030000 0.124820
1.040000 0.122324
1.050000 0.119878
1.060000 0.117480
1.070000 0.115130
1.080000 0.112828
1.090000 0.110571
1.100000 0.108360
1.110000 0.106193
1.120000 0.104069
1.130000 0.101987
1.140000 0.099948
1.150000 0.097949
1.160000 0.095990
1.170000 0.094070
1.180000 0.092189
1.190000 0.090345
1.200000 0.088538
1.210000 0.086767
1.220000 0.085032
1.230000 0.083331
1.240000 0.081665
1.250000 0.080031
1.260000 0.078431
1.270000 0.076862
1.280000 0.075325
1.290000 0.073818
1.300000 0.072342
1.310000 0.070895
1.320000 0.069477
1.330000 0.068088
1.340000 0.066726
1.350000 0.065391
1.360000 0.064084
1.370000 0.062802
1.380000 0.061546
1.390000 0.060315
1.400000 0.059109
1.410000 0.057926
1.420000 0.056768
1.430000 0.055633
1.440000 0.054520
1.450000 0.053429
1.460000 0.052361
1.470000 0.051314
1.480000 0.050287
1.490000 0.049282
1.500000 0.048296
1.510000 0.047330
1.520000 0.046383
1.530000 0.045456
1.540000 0.044547
1.550000 0.043656
1.560000 0.042783
1.570000 0.041927
1.580000 0.041088
1.590000 0.040267
1.600000 0.039461
1.610000 0.038672
1.620000 0.037899
1.630000 0.037141
1.640000 0.036398
1.650000 0.035670
1.660000 0.034957
1.670000 0.034257
1.680000 0.033572
1.690000 0.032901
1.700000 0.032243
1.710000 0.031598
1.720000 0.030966
1.730000 0.030347
1.740000 0.029740
1.750000 0.029145
1.760000 0.028562
1.770000 0.027991
1.780000 0.027431
1.790000 0.026882
1.800000 0.026345
1.810000 0.025818
1.820000 0.025301
1.830000 0.024795
1.840000 0.024300
1.850000 0.023814
1.860000 0.023337
1.870000 0.022871
1.880000 0.022413
1.890000 0.021965
1.900000 0.021526
1.910000 0.021095
1.920000 0.020673
1.930000 0.020260
1.940000 0.019854
1.950000 0.019457
1.960000 0.019068
1.970000 0.018687
1.980000 0.018313
1.990000 0.017947
2.000000 0.017588
2.010000 0.017236
2.020000 0.016891
2.030000 0.016554
2.040000 0.016223
2.050000 0.015898
2.060000 0.015580
2.070000 0.015269
2.080000 0.014963
2.090000 0.014664
2.100000 0.014371
2.110000 0.014083
2.120000 0.013802
2.130000 0.013526
2.140000 0.013255
2.150000 0.012990
2.160000 0.012730
2.170000 0.012476
2.180000 0.012226
2.190000 0.011981
2.200000 0.011742
2.210000 0.011507
2.220000 0.011277
2.230000 0.011051
2.240000 0.010830
2.250000 0.010614
2.260000 0.010401
2.270000 0.010193
2.280000 0.009990
2.290000 0.009790
2.300000 0.009594
2.310000 0.009402
2.320000 0.009214
2.330000 0.009030
2.340000 0.008849
2.350000 0.008672
2.360000 0.008499
2.370000 0.008329
2.380000 0.008162
2.390000 0.007999
2.400000 0.007839
2.410000 0.007682
2.420000 0.007529
2.430000 0.007378
2.440000 0.007230
2.450000 0.007086
2.460000 0.006944
2.470000 0.006805
2.480000 0.006669
2.490000 0.006536
2.500000 0.006405
2.510000 0.006277
2.520000 0.006151
2.530000 0.006028
2.540000 0.005908
2.550000 0.005790
2.560000 0.005674
2.570000 0.005560
2.580000 0.005449
2.590000 0.005340
2.600000 0.005233
2.610000 0.005129
2.620000 0.005026
2.630000 0.004926
2.640000 0.004827
2.650000 0.004731
2.660000 0.004636
2.670000 0.004543
2.680000 0.004452
2.690000 0.004363
2.700000 0.004276
2.710000 0.004191
2.720000 0.004107
2.730000 0.004025
2.740000 0.003944
2.750000 0.003865
2.760000 0.003788
2.770000 0.003712
2.780000 0.003638
2.790000 0.003565
2.800000 0.003494
2.810000 0.003424
2.820000 0.003355
2.830000 0.003288
2.840000 0.003223
2.850000 0.003158
2.860000 0.003095
2.870000 0.003033
2.880000 0.002972
2.890000 0.002913
2.900000 0.002855
2.910000 0.002798
2.920000 0.002742
2.930000 0.002687
2.940000 0.002633
2.950000 0.002580
2.960000 0.002529
2.970000 0.002478
2.980000 0.002429
2.990000 0.002380
3.000000 0.002333
3.010000 0.002286
3.020000 0.002240
3.030000 0.002195
3.040000 0.002151
3.050000 0.002108
3.060000 0.002066
3.070000 0.002025
3.080000 0.001984
3.090000 0.001945
3.100000 0.001906
3.110000 0.001868
3.120000 0.001830
3.130000 0.001794
3.140000 0.001758
3.150000 0.001723
3.160000 0.001688
3.170000 0.001654
3.180000 0.001621
3.190000 0.001589
3.200000 0.001557
3.210000 0.001526
3.220000 0.001496
3.230000 0.001466
3.240000 0.001436
3.250000 0.001408
3.260000 0.001379
3.270000 0.001352
3.280000 0.001325
3.290000 0.001298
3.300000 0.001272
3.310000 0.001247
3.320000 0.001222
3.330000 0.001198
3.340000 0.001174
3.350000 0.001150
3.360000 0.001127
3.370000 0.001105
3.380000 0.001082
3.390000 0.001061
3.400000 0.001040
3.410000 0.001019
3.420000 0.000998
3.430000 0.000978
3.440000 0.000959
3.450000 0.000940
3.460000 0.000921
3.470000 0.000903
3.480000 0.000884
3.490000 0.000867
3.500000 0.000849
3.510000 0.000832
3.520000 0.000816
3.530000 0.000799
3.540000 0.000783
3.550000 0.000768
3.560000 0.000752
3.570000 0.000737
3.580000 0.000723
3.590000 0.000708
3.600000 0.000694
3.610000 0.000680
3.620000 0.000667
3.630000 0.000653
3.640000 0.000640
3.650000 0.000627
3.660000 0.000615
3.670000 0.000603
3.680000 0.000590
3.690000 0.000579
3.700000 0.000567
3.710000 0.000556
3.720000 0.000545
3.730000 0.000534
3.740000 0.000523
3.750000 0.000513
3.760000 0.000502
3.770000 0.000492
3.780000 0.000482
3.790000 0.000473
3.800000 0.000463
3.810000 0.000454
3.820000 0.000445
3.830000 0.000436
3.840000 0.000427
3.850000 0.000419
3.860000 0.000410
3.870000 0.000402
3.880000 0.000394
3.890000 0.000386
3.900000 0.000379
3.910000 0.000371
3.920000 0.000364
3.930000 0.000356
3.940000 0.000349
3.950000 0.000342
3.960000 0.000335
3.970000 0.000329
3.980000 0.000322
3.990000 0.000316
4.000000 0.000309
4.010000 0.000303
4.020000 0.000297
4.030000 0.000291
4.040000 0.000285
4.050000 0.000280
4.060000 0.000274
4.070000 0.000269
4.080000 0.000263
4.090000 0.000258
4.100000 0.000253
4.110000 0.000248
4.120000 0.000243
4.130000 0.000238
4.140000 0.000233
4.150000 0.000228
4.160000 0.000224
4.170000 0.000219
4.180000 0.000215
4.190000 0.000211
4.200000 0.000207
4.210000 0.000202
4.220000 0.000198
4.230000 0.000194
4.240000 0.000190
4.250000 0.000187
4.260000 0.000183
4.270000 0.000179
4.280000 0.000176
4.290000 0.000172
4.300000 0.000169
4.310000 0.000165
4.320000 0.000162
4.330000 0.000159
4.340000 0.000156
4.350000 0.000153
4.360000 0.000149
4.370000 0.000146
4.380000 0.000144
4.390000 0.000141
4.400000 0.000138
4.410000 0.000135
4.420000 0.000132
4.430000 0.000130
4.440000 0.000127
4.450000 0.000125
4.460000 0.000122
4.470000 0.000120
4.480000 0.000117
4.490000 0.000115
4.500000 0.000113
4.510000 0.000110
4.520000 0.000108
4.530000 0.000106
4.540000 0.000104
4.550000 0.000102
4.560000 0.000100
4.570000 0.000098
4.580000 0.000096
4.590000 0.000094
4.600000 0.000092
4.610000 0.000090
4.620000 0.000088
4.630000 0.000087
4.640000 0.000085
4.650000 0.000083
4.660000 0.000082
4.670000 0.000080
4.680000 0.000078
4.690000 0.000077
4.700000 0.000075
4.710000 0.000074
4.720000 0.000072
4.730000 0.000071
4.740000 0.000069
4.750000 0.000068
4.760000 0.000067
4.770000 0.000065
4.780000 0.000064
4.790000 0.000063
4.800000 0.000061
4.810000 0.000060
4.820000 0.000059
4.830000 0.000058
4.840000 0.000057
4.850000 0.000056
4.860000 0.000054
4.870000 0.000053
4.880000 0.000052
4.890000 0.000051
4.900000 0.000050
4.910000 0.000049
4.920000 0.000048
4.930000 0.000047
4.940000 0.000046
4.950000 0.000045
4.960000 0.000044
4.970000 0.000044
4.980000 0.000043
4.990000 0.000042
5.000000 0.000041
5.010000 0.000040
5.020000 0.000039
5.030000 0.000039
5.040000 0.000038
5.050000 0.000037
5.060000 0.000036
5.070000 0.000036
5.080000 0.000035
5.090000 0.000034
5.100000 0.000034
5.110000 0.000033
5.120000 0.000032
5.130000 0.000032
5.140000 0.000031
5.150000 0.000030
5.160000 0.000030
5.170000 0.000029
5.180000 0.000029
5.190000 0.000028
5.200000 0.000027
5.210000 0.000027
5.220000 0.000026
5.230000 0.000026
5.240000 0.000025
5.250000 0.000025
5.260000 0.000024
5.270000 0.000024
5.280000 0.000023
5.290000 0.000023
5.300000 0.000022
5.310000 0.000022
5.320000 0.000021
5.330000 0.000021
5.340000 0.000021
5.350000 0.000020
5.360000 0.000020
5.370000 0.000019
5.380000 0.000019
5.390000 0.000019
5.400000 0.000018
5.410000 0.000018
5.420000 0.000018
5.430000 0.000017
5.440000 0.000017
5.450000 0.000017
5.460000 0.000016
5.470000 0.000016
5.480000 0.000016
5.490000 0.000015
5.500000 0.000015
5.510000 0.000015
5.520000 0.000014
5.530000 0.000014
5.540000 0.000014
5.550000 0.000014
5.560000 0.000013
5.570000 0.000013
5.580000 0.000013
5.590000 0.000012
5.600000 0.000012
5.610000 0.000012
5.620000 0.000012
5.630000 0.000011
5.640000 0.000011
5.650000 0.000011
5.660000 0.000011
5.670000 0.000011
5.680000 0.000010
5.690000 0.000010
5.700000 0.000010
5.710000 0.000010
5.720000 0.000010
5.730000 0.000009
5.740000 0.000009
5.750000 0.000009
5.760000 0.000009
5.770000 0.000009
5.780000 0.000008
5.790000 0.000008
5.800000 0.000008
5.810000 0.000008
5.820000 0.000008
5.830000 0.000008
5.840000 0.000008
5.850000 0.000007
5.860000 0.000007
5.870000 0.000007
5.880000 0.000007
5.890000 0.000007
5.900000 0.000007
5.910000 0.000007
5.920000 0.000006
5.930000 0.000006
5.940000 0.000006
5.950000 0.000006
5.960000 0.000006
5.970000 0.000006
5.980000 0.000006
5.990000 0.000006
6.000000 0.000005
6.010000 0.000005
6.020000 0.000005
6.030000 0.000005
6.040000 0.000005
6.050000 0.000005
6.060000 0.000005
6.070000 0.000005
6.080000 0.000005
6.090000 0.000005
6.100000 0.000004
6.110000 0.000004
6.120000 0.000004
6.130000 0.000004
6.140000 0.000004
6.150000 0.000004
6.160000 0.000004
6.170000 0.000004
6.180000 0.000004
6.190000 0.000004
6.200000 0.000004
6.210000 0.000004
6.220000 0.000003
6.230000 0.000003
6.240000 0.000003
6.250000 0.000003
6.260000 0.000003
6.270000 0.000003
6.280000 0.000003
6.290000 0.000003
6.300000 0.000003
6.310000 0.000003
6.320000 0.000003
6.330000 0.000003
6.340000 0.000003
6.350000 0.000003
6.360000 0.000003
6.370000 0.000003
6.380000 0.000003
6.390000 0.000002
6.400000 0.000002
6.410000 0.000002
6.420000 0.000002
6.430000 0.000002
6.440000 0.000002
6.450000 0.000002
6.460000 0.000002
6.470000 0.000002
6.480000 0.000002
6.490000 0.000002
6.500000 0.000002
6.510000 0.000002
6.520000 0.000002
6.530000 0.000002
6.540000 0.000002
6.550000 0.000002
6.560000 0.000002
6.570000 0.000002
6.580000 0.000002
6.590000 0.000002
6.600000 0.000002
6.610000 0.000002
6.620000 0.000002
6.630000 0.000002
6.640000 0.000001
6.650000 0.000001
6.660000 0.000001
6.670000 0.000001
6.680000 0.000001
6.690000 0.000001
6.700000 0.000001
6.710000 0.000001
6.720000 0.000001
6.730000 0.000001
6.740000 0.000001
6.750000 0.000001
6.760000 0.000001
6.770000 0.000001
6.780000 0.000001
6.790000 0.000001
6.800000 0.000001
6.810000 0.000001
6.820000 0.000001
6.830000 0.000001
6.840000 0.000001
6.850000 0.000001
6.860000 0.000001
6.870000 0.000001
6.880000 0.000001
6.890000 0.000001
6.900000 0.000001
6.910000 0.000001
6.920000 0.000001
6.930000 0.000001
6.940000 0.000001
6.950000 0.000001
6.960000 0.000001
6.970000 0.000001
6.980000 0.000001
6.990000 0.000001
7.000000 0.000001
7.010000 0.000001
7.020000 0.000001
7.030000 0.000001
7.040000 0.000001
7.050000 0.000001
7.060000 0.000001
7.070000 0.000001
7.080000 0.000001
7.090000 0.000001
7.100000 0.000001
7.110000 0.000001
7.120000 0.000001
7.130000 0.000001
7.140000 0.000001
7.150000 0.000001
7.160000 0.000001
7.170000 0.000001
7.180000 0.000001
7.190000 0.000000
7.200000 0.000000
7.210000 0.000000
7.220000 0.000000
7.230000 0.000000
7.240000 0.000000
7.250000 0.000000
7.260000 0.000000
7.270000 0.000000
7.280000 0.000000
7.290000 0.000000
7.300000 0.000000
7.310000 0.000000
7.320000 0.000000
7.330000 0.000000
7.340000 0.000000
7.350000 0.000000
7.360000 0.000000
7.370000 0.000000
7.380000 0.000000
7.390000 0.000000
7.400000 0.000000
7.410000 0.000000
7.420000 0.000000
7.430000 0.000000
7.440000 0.000000
7.450000 0.000000
7.460000 0.000000
7.470000 0.000000
7.480000 0.000000
7.490000 0.000000
7.500000 0.000000
7.510000 0.000000
7.520000 0.000000
7.530000 0.000000
7.540000 0.000000
7.550000 0.000000
7.560000 0.000000
7.570000 0.000000
7.580000 0.000000
7.590000 0.000000
7.600000 0.000000
7.610000 0.000000
7.620000 0.000000
7.630000 0.000000
7.640000 0.000000
7.650000 0.000000
7.660000 0.000000
7.670000 0.000000
7.680000 0.000000
7.690000 0.000000
7.700000 0.000000
7.710000 0.000000
7.720000 0.000000
7.730000 0.000000
7.740000 0.000000
7.750000 0.000000
7.760000 0.000000
7.770000 0.000000
7.780000 0.000000
7.790000 0.000000
7.800000 0.000000
7.810000 0.000000
7.820000 0.000000
7.830000 0.000000
7.840000 0.000000
7.850000 0.000000
7.860000 0.000000
7.870000 0.000000
7.880000 0.000000
7.890000 0.000000
7.900000 0.000000
7.910000 0.000000
7.920000 0.000000
7.930000 0.000000
7.940000 0.000000
7.950000 0.000000
7.960000 0.000000
7.970000 0.000000
7.980000 0.000000
7.990000 0.000000
8.000000 0.000000
8.010000 0.000000
8.020000 0.000000
8.030000 0.000000
8.040000 0.000000
8.050000 0.000000
8.060000 0.000000
8.070000 0.000000
8.080000 0.000000
8.090000 0.000000
8.100000 0.000000
8.110000 0.000000
8.120000 0.000000
8.130000 0.000000
8.140000 0.000000
8.150000 0.000000
8.160000 0.000000
8.170000 0.000000
8.180000 0.000000
8.190000 0.000000
8.200000 0.000000
8.210000 0.000000
8.220000 0.000000
8.230000 0.000000
8.240000 0.000000
8.250000 0.000000
8.260000 0.000000
8.270000 0.000000
8.280000 0.000000
8.290000 0.000000
8.300000 0.000000
8.310000 0.000000
8.320000 0.000000
8.330000 0.000000
8.340000 0.000000
8.350000 0.000000
8.360000 0.000000
8.370000 0.000000
8.380000 0.000000
8.390000 0.000000
8.400000 0.000000
8.410000 0.000000
8.420000 0.000000
8.430000 0.000000
8.440000 0.000000
8.450000 0.000000
8.460000 0.000000
8.470000 0.000000
8.480000 0.000000
8.490000 0.000000
8.500000 0.000000
8.510000 0.000000
8.520000 0.000000
8.530000 0.000000
8.540000 0.000000
8.550000 0.000000
8.560000 0.000000
8.570000 0.000000
8.580000 0.000000
8.590000 0.000000
8.600000 0.000000
8.610000 0.000000
8.620000 0.000000
8.630000 0.000000
8.640000 0.000000
8.650000 0.000000
8.660000 0.000000
8.670000 0.000000
8.680000 0.000000
8.690000 0.000000
8.700000 0.000000
8.710000 0.000000
8.720000 0.000000
8.730000 0.000000
8.740000 0.000000
8.750000 0.000000
8.760000 0.000000
8.770000 0.000000
8.780000 0.000000
8.790000 0.000000
8.800000 0.000000
8.810000 0.000000
8.820000 0.000000
8.830000 0.000000
8.840000 0.000000
8.850000 0.000000
8.860000 0.000000
8.870000 0.000000
8.880000 0.000000
8.890000 0.000000
8.900000 0.000000
8.910000 0.000000
8.920000 0.000000
8.930000 0.000000
8.940000 0.000000
8.950000 0.000000
8.960000 0.000000
8.970000 0.000000
8.980000 0.000000
8.990000 0.000000
9.000000 0.000000
9.010000 0.000000
9.020000 0.000000
9.030000 0.000000
9.040000 0.000000
9.050000 0.000000
9.060000 0.000000
9.070000 0.000000
9.080000 0.000000
9.090000 0.000000
9.100000 0.000000
9.110000 0.000000
9.120000 0.000000
9.130000 0.000000
9.140000 0.000000
9.150000 0.000000
9.160000 0.000000
9.170000 0.000000
9.180000 0.000000
9.190000 0.000000
9.200000 0.000000
9.210000 0.000000
9.220000 0.000000
9.230000 0.000000
9.240000 0.000000
9.250000 0.000000
9.260000 0.000000
9.270000 0.000000
9.280000 0.000000
9.290000 0.000000
9.300000 0.000000
9.310000 0.000000
9.320000 0.000000
9.330000 0.000000
9.340000 0.000000
9.350000 0.000000
9.360000 0.000000
9.370000 0.000000
9.380000 0.000000
9.390000 0.000000
9.400000 0.000000
9.410000 0.000000
9.420000 0.000000
9.430000 0.000000
9.440000 0.000000
9.450000 0.000000
9.460000 0.000000
9.470000 0.000000
9.480000 0.000000
9.490000 0.000000
9.500000 0.000000
9.510000 0.000000
9.520000 0.000000
9.530000 0.000000
9.540000 0.000000
9.550000 0.000000
9.560000 0.000000
9.570000 0.000000
9.580000 0.000000
9.590000 0.000000
9.600000 0.000000
9.610000 0.000000
9.620000 0.000000
9.630000 0.000000
9.640000 0.000000
9.650000 0.000000
9.660000 0.000000
9.670000 0.000000
9.680000 0.000000
9.690000 0.000000
9.700000 0.000000
9.710000 0.000000
9.720000 0.000000
9.730000 0.000000
9.740000 0.000000
9.750000 0.000000
9.760000 0.000000
9.770000 0.000000
9.780000 0.000000
9.790000 0.000000
9.800000 0.000000
9.810000 0.000000
9.820000 0.000000
9.830000 0.000000
9.840000 0.000000
9.850000 0.000000
9.860000 0.000000
9.870000 0.000000
9.880000 0.000000
9.890000 0.000000
9.900000 0.000000
9.910000 0.000000
9.920000 0.000000
9.930000 0.000000
9.940000 0.000000
9.950000 0.000000
9.960000 0.000000
9.970000 0.000000
9.980000 0.000000
9.990000 0.000000
